1 1
999999 999999
1 999999
444444 444444
436993 282909
637963 248742
278398 158592
516007 675963
910439 26273
93822 92161
874562 242110
840627 960743
105472 195615
438261 701305
184134 97549
126037 911462
442982 958247
302056 131004
25842 443960
571684 751486
589341 783805
668047 976521
678932 824316
612063 500873
322721 228152
889871 586253
868544 20785
851723 814224
871289 694861
962943 175402
461477 329228
446079 433101
114851 337223
143744 342954
68831 655024
685767 426089
366886 672000
411141 123582
189335 37298
468675 112073
111456 586033
859022 826253
227386 132822
993656 117675
612961 187405
402159 320877
346769 441389
369976 585150
145776 767533
689750 717498
287609 705358
539523 381988
322802 222093
575310 360537
725905 162435
986384 681365
501779 904527
313861 634291
676983 908185
885732 754895
3618 321268
525168 438343
301692 912609
456376 65592
325095 643958
374300 667980
12408 356032
581059 120532
916840 481924
444145 748156
385044 925881
115846 431016
672536 703443
210240 49531
100810 878223
398087 24854
742237 338665
721610 995768
570694 910418
439873 800728
162728 800756
951440 847314
468838 791412
186755 612146
634672 937297
856073 901367
426087 441665
506613 446426
314087 347766
450717 651742
543336 92192
755108 157400
92828 205525
30363 959383
421382 85307
543146 913636
166856 181402
691669 201273
774827 886392
296654 168703
160986 793471
25017 856706
37874 655139
165252 958061
762455 774348
653629 543628
876488 673660
462049 652293
232323 621341
213410 613752
597222 82201
956017 490664
598895 125869
953940 972164
46837 712179
13318 758637
372896 633587
532563 66034
137269 304283
190335 625772
125339 344323
351726 862905
613626 23356
861174 201274
902924 27594
767129 952910
548404 143331
614593 312342
804086 479226
575587 644359
151061 185003
9279 115258
714975 641013
871966 486364
262674 143169
202999 888278
191645 190118
340443 261456
422418 161327
514273 292766
962703 579530
637216 211588
993001 703312
218459 334244
538409 437184
445008 73923
679096 725736
521289 186413
11645 783479
453854 230695
507816 91149
829323 304644
347771 214703
225230 929438
208714 539249
198893 168120
502284 422948
923056 981394
135117 952526
387508 323553
577013 317830
680402 41091
77225 481527
83470 581409
833501 141410
849880 518420
676627 362512
925272 648325
373157 924311
982155 441833
340100 189047
618598 613938
173459 311360
681232 167807
906122 947343
25685 960685
212287 974309
695545 428251
541011 277216
527491 261533
268304 510043
414393 806668
728791 304278
433647 602355
634251 180800
324787 93263
799841 653428
957113 931456
164747 688307
460755 36782
908701 10991
195020 679993
199603 199374
257430 694228
975364 578217
621538 496697
817383 609895
284636 54292
828026 872388
442566 69670
247582 251390
533613 811495
811332 150805
249775 404519
14078 242530
780441 335581
647210 158515
236372 503572
940960 444173
867691 67992
163650 879494
360975 505137
164982 464903
564454 838539
608477 88410
44212 536566
138175 662452
409418 704940
673383 855474
797007 248683
192452 800018
874397 547648
224232 26943
852955 605800
193415 654646
373584 599114
243703 427239
159125 214441
978320 773686
301688 426616
34291 890526
983684 554125
911274 202320
983908 86033
66469 632522
566307 677348
800611 33575
429423 800852
827141 858491
784268 759923
740931 593511
868714 435621
2708 542791
790315 842308
776623 827483
942397 663258
156650 780382
901577 456665
248672 382427
148862 613136
974745 325679
515515 830010
480985 171495
852607 60958
450269 979263
336330 440837
426216 172258
307861 96265
521343 163820
414128 379214
102724 23875
687943 429257
61371 228010
500589 975876
613394 908062
409039 138956
395444 71291
693631 719339
78591 347507
936155 928774
394084 378621
587901 209269
753621 219784
748812 177511
146716 298280
536240 580098
621 697365
548734 967022
495246 464723
432824 392382
812852 409679
745422 159872
727075 497907
191617 727932
691931 184517
653985 650990
260705 236731
472833 405514
850633 996248
231316 759326
680492 419593
949608 834164
916021 55209
223386 209838
756871 529776
698421 928079
816684 873157
282694 912090
186150 422417
762637 374463
799975 886157
921992 572872
409083 645272
519578 755165
248242 945373
317120 162264
561905 274434
491145 4795
174987 346170
652218 243508
183820 630691
814948 639704
705946 869551
229046 161077
237977 945046
16794 154945
204455 592156
215188 710642
50074 821557
69660 92779
490112 725531
703948 111852
60870 344317
890013 688411
460046 996068
40072 422017
510203 493386
873742 402733
216693 605098
494448 795133
426906 868310
253170 697518
876210 959121
999442 445137
940841 359822
879991 555359
899682 458306
802934 134022
534343 869568
759719 874355
502403 813603
83312 320662
592303 151240
320206 626552
381510 299526
658387 38604
987444 369543
6732 893981
743167 13352
864149 660608
814362 163093
361018 930193
106228 751370
949006 821390
967742 62253
259778 35763
486703 516041
690597 344963
727779 698273
792761 670378
805309 289105
315285 959998
942090 364506
849465 302997
837852 551465
626320 141260
154359 859573
37287 144803
95362 709099
638357 741920
199127 150636
333300 422459
980545 465028
667170 430208
365139 62178
156580 110326
363882 884691
124010 944464
705426 24618
587193 690138
841530 841352
682721 109279
315321 613569
728301 336055
54861 451727
950390 71730
845538 595693
942005 437003
521782 30558
971407 923024
910734 909529
687608 821931
266265 997751
419174 831301
882854 843760
923832 872210
682183 419715
887217 283646
780073 323574
741067 724380
27873 75524
764262 477360
265015 787872
504074 786771
696690 72704
639619 74749
260037 812457
435592 517156
540975 161980
885060 957448
160460 608767
350663 483381
959624 594764
629729 440130
993434 31474
819552 630995
573356 288736
761086 244572
451524 864771
786212 779500
392721 624517
765864 475808
518074 534292
879101 135696
980085 961940
500422 988032
697914 853200
577092 625346
834235 461268
211712 766437
727866 155401
38902 666025
712930 977598
549279 737166
110465 101174
742578 458216
493087 885389
874896 43534
856475 664778
821163 160917
55801 346336
486339 219788
279057 941682
494136 503357
534448 792077
826191 92367
622516 956206
718831 112832
787627 447241
870845 745984
588343 395768
979393 221664
391308 770422
507822 436241
810042 128816
830145 651199
956831 922194
287428 429943
770115 680157
645306 362544
893906 205134
909060 806953
442191 719664
588770 387839
354138 346165
940221 130020
127877 202999
449484 172645
738443 804213
58488 268177
658425 93460
954815 7762
404727 120390
472444 921809
785129 34264
838032 581785
768378 159858
311820 133544
371748 849153
150811 462425
717535 949957
861909 206610
538215 804686
724971 556180
212772 689806
767771 896017
469802 798066
431188 242231
668812 384331
117843 963997
937386 82434
496859 294907
10608 140343
262015 825229
205392 519878
941808 957677
464415 148773
604071 394386
166341 364739
98550 7383
589581 31873
531064 981012
287859 594472
431006 580050
797295 113361
608088 827280
357612 383632
510551 856874
118960 62172
377075 868914
648811 381938
575340 820384
610018 137159
655185 116078
980024 95161
2135 713813
409720 216265
84652 963324
282447 392029
758454 66956
876804 491008
308622 325872
787557 878576
587522 961396
468204 975877
986299 351980
191622 581940
993585 333171
382262 888981
853123 394857
830574 597132
641371 642880
657662 933164
190247 557978
840600 872768
908342 842160
541159 595563
113382 634930
169743 992127
152328 663107
281632 775432
426956 432733
679880 773375
725489 225692
909366 886095
15967 341519
108461 572116
802805 803017
60054 236661
48675 411427
432734 598956
288475 506903
69423 915212
460047 328319
611848 989613
73951 810907
33595 159204
235397 390019
256456 252508
340938 866085
177252 478446
263320 367288
348014 449795
985003 630854
295573 990512
992319 97900
706491 632843
101274 363976
668610 512153
262336 676654
520672 279607
155086 28774
261272 900058
743794 545842
571355 173495
352455 677486
745632 298483
603716 526730
241063 983052
376913 587289
113268 549192
286608 274659
975177 627465
474676 408768
402384 993851
378966 863524
411614 600294
265358 755004
13346 277706
427122 515350
750846 656525
226958 460395
164364 724621
109926 341858
804689 18298
351207 856325
9495 477022
266749 348668
553263 966438
620177 537304
5096 850292
193364 758053
807663 827800
619374 195787
298310 979176
380216 38884
479762 908768
190568 939336
908213 413707
146602 630021
302238 316418
181367 198464
11949 61232
206187 966887
550810 172601
739109 396086
642281 821913
820663 597542
332798 235197
216192 541933
834561 646050
21788 504708
59993 378571
657742 344964
45885 21994
433448 754607
968175 831853
330336 413482
562521 333289
831386 562639
535480 996604
819031 987916
446727 318897
168705 329803
352145 813677
78355 36689
624777 120322
138889 286257
375250 892376
912603 339727
974398 691918
726144 98639
218905 946985
185731 703280
228207 92637
547617 438869
956604 772056
605427 16034
603853 546339
679687 752180
311064 661610
265465 548883
379224 505789
316791 431811
965203 923010
917589 687379
316600 574050
742318 635321
296305 539120
246717 154732
887393 354838
676278 88279
808240 358277
529199 424631
815519 335210
402789 889908
425909 493953
920662 528271
798563 204464
122299 534898
261205 332458
925854 774126
574382 778754
98291 736953
221691 335019
729069 295101
986756 88344
69364 380485
25268 59257
616149 734837
961742 556143
231409 329404
351788 789493
248977 31032
760164 739151
104039 248220
462076 232247
760587 380110
29042 288296
348531 464440
381267 14991
196388 444229
805079 716357
582644 535967
132765 742220
602511 966370
704489 336697
348554 658770
331301 350386
180422 538018
522546 885478
635431 669561
93269 310134
768990 544487
457563 956074
685287 459489
923493 583854
973798 711026
286218 826923
28900 857509
264380 281184
950472 44950
918137 824024
29769 390540
285858 951262
756254 468556
583455 288193
733673 520681
923320 798268
701110 3443
193334 360632
563734 104333
172583 626835
238842 532310
280300 827134
888633 669243
818168 271754
98697 200792
68000 716149
409548 149198
674902 981081
199400 289404
868265 359470
317587 86985
175423 979699
721236 203290
760817 370774
383259 421472
551548 370960
190329 522058
296852 767827
899664 985579
626289 252449
155633 108845
331315 22995
350971 11757
971250 158690
281731 687693
984974 671396
688193 120593
232549 962431
592203 41056
144246 38179
555130 168500
602811 45907
458821 559327
719478 43959
872972 483783
496987 85367
471111 897913
188358 771067
821491 779523
820149 606671
32397 40268
517748 126156
241032 774862
292804 267753
497290 589826
833139 504203
344309 327834
478651 516124
447865 740162
224731 87658
870509 89007
93820 179106
663049 748904
221070 379994
922223 546197
201778 301981
100001 56478
748621 300028
747414 779858
198073 361983
371739 93112
835169 279498
69911 271621
64397 816460
189832 859507
864893 77606
335112 668767
340922 824415
72231 606728
801034 281636
767262 248772
316845 183199
408565 220364
733534 694547
814772 106641
723586 701415
253217 265634
672705 675671
760583 80614
537906 339472
446094 778713
494955 891461
913805 86386
338113 445748
753896 611903
143626 470028
709620 613889
772048 19427
130843 332517
512894 475188
953802 580106
862696 799370
823188 822277
144364 519919
643347 635628
33938 232859
841161 966365
292373 237947
350206 749843
795245 662686
689303 230652
604411 657915
249395 597290
520985 185961
702459 724844
830179 498098
509480 346908
987908 832452
747473 784989
490034 46368
537936 789622
9233 57792
358412 100270
304022 342351
980216 591314
69693 58642
776168 657757
944986 551883
803213 282780
609452 970175
171114 99979
422658 286087
736159 335399
746658 243963
792177 163592
932217 427069
318042 330836
9988 248868
798468 278825
216679 501884
331154 40973
182419 6224
611610 952210
17567 848102
341982 75175
514742 879635
321165 46737
643642 117797
636652 413273
570248 497559
320043 635382
420131 575651
656186 472042
893818 450153
508517 719238
195908 236978
398954 34345
121230 687142
384776 307280
658258 236620
170278 23782
923028 414546
368970 821923
670651 132194
31158 149423
458858 711668
507268 776775
652854 57150
952111 484908
502272 829522
686019 846659
212854 482013
280277 803054
870797 557004
694723 449124
9567 448442
583450 96564
369562 803878
679281 624337
882586 953458
484469 389817
255062 420679
527810 369840
28545 853338
122346 452819
254740 495549
90869 98056
55516 564431
645431 60380
13178 211575
309962 189256
801685 886987
410877 515256
134560 147745
47342 179031
494487 277973
877322 972379
643939 919502
993011 532350
911333 489945
534783 21024
429897 596946
732000 552765
487586 835412
55343 457410
984543 233726
558114 195006
202817 65867
464298 671659
107926 785268
943768 45948
976583 467684
91429 167054
684570 92628
654869 789231
173656 972179
531424 390656
906106 223018
98240 396191
537232 39459
999597 568284
36993 130825
981711 710710
774045 449363
90066 806936
855825 150537
148497 61640
974262 897913
681968 409118
268776 148128
875363 550087
305790 785113
171496 410663
518360 545095
958171 636084
32519 994115
837431 786410
720641 431907
578076 564173
610359 732446
392625 551697
794244 124353
547387 710844
824350 929622
233793 125169
473069 865553
250743 671331
842528 242384
824117 327816
112306 858953
393382 960354
58353 385377
170398 853121
438419 89345
968821 545911
617109 500001
364605 590338
270732 461245
157744 727170
394530 416006
871752 789907
888724 88169
884371 986877
710849 974279
191737 158534
522749 632421
652414 224124
487665 982973
102839 761225
744603 784617
662404 790011
164627 895946
942932 522679
294531 925278
117554 782782
961651 143268
442870 611317
206446 133426
944078 479536
165984 779490
588516 259594
518772 53373
182431 965743
895410 71728
795346 37923
12964 724453
300670 270878
